,DeathOld,DeathYoung,TotalDeathOld,TotalDeathYoung,TotalDeath,TotalDeathRatioOld,CasesYoung,CasesOld,TotalCasesYoung,TotalCasesOld,TotalCasesRatioOld,DeathCasesRatio14
2020-09-01,0,0,34,4,38,0.894736842,6,47,3597,445,0.110094013,
2020-09-02,0,0,34,4,38,0.894736842,13,108,3603,492,0.12014652,
2020-09-03,0,0,34,4,38,0.894736842,126,11,3616,600,0.142314991,
2020-09-04,0,0,34,4,38,0.894736842,212,14,3742,611,0.140362968,
2020-09-05,1,1,35,5,40,0.875,79,9,3954,625,0.136492684,
2020-09-06,0,0,35,5,40,0.875,19,3,4033,634,0.135847439,
2020-09-07,0,1,35,6,41,0.853658537,83,8,4052,637,0.135849861,
2020-09-08,0,1,35,7,42,0.833333333,149,12,4135,645,0.134937238,
2020-09-09,1,0,36,7,43,0.837209302,156,22,4284,657,0.132969035,
2020-09-10,0,0,36,7,43,0.837209302,175,11,4440,679,0.132643094,
2020-09-11,0,0,36,7,43,0.837209302,174,27,4615,690,0.130065975,
2020-09-12,0,1,36,8,44,0.818181818,73,6,4789,717,0.130221576,
2020-09-13,0,0,36,8,44,0.818181818,44,4,4862,723,0.129453894,
2020-09-14,0,0,36,8,44,0.818181818,158,30,4906,727,0.129060891,0.134559349
2020-09-15,2,0,38,8,46,0.826086957,84,8,5064,757,0.130046384,0.145440524
2020-09-16,0,0,36,8,44,0.818181818,151,10,5148,765,0.129375951,0.173940544
2020-09-17,3,0,41,8,49,0.836734694,219,16,5299,775,0.127593019,0.167750864
2020-09-18,2,0,43,8,51,0.843137255,260,30,5518,791,0.125376446,0.161886672
2020-09-19,1,0,44,8,52,0.846153846,124,7,5778,821,0.12441279,0.160546974
2020-09-20,0,0,44,8,52,0.846153846,73,6,5902,828,0.123031204,0.160549836
2020-09-21,3,0,47,8,55,0.854545455,142,33,5975,834,0.122484946,0.157905279
2020-09-22,1,0,48,8,56,0.857142857,300,38,6117,867,0.124140893,0.15513054
2020-09-23,2,0,50,8,58,0.862068966,294,66,6417,905,0.123600109,0.153865989
2020-09-24,0,0,50,8,58,0.862068966,367,52,6711,971,0.126399375,0.150876532
2020-09-25,0,0,50,8,58,0.862068966,481,71,7078,1023,0.126280706,0.151057029
2020-09-26,0,0,50,8,58,0.862068966,445,33,7559,1094,0.12643014,0.150166517
2020-09-27,1,0,51,8,59,0.86440678,233,32,8004,1127,0.123425693,0.149305737
2020-09-28,2,2,53,10,63,0.841269841,192,39,8237,1159,0.123350362,0.154583437
2020-09-29,0,2,53,12,65,0.815384615,474,93,8429,1198,0.124441674,0.15866862
2020-09-30,0,1,53,13,66,0.803030303,710,87,8903,1291,0.126643123,0.15888942
2020-10-01,3,0,56,13,69,0.811594203,608,71,9613,1378,0.125375307,0.154481693
2020-10-02,7,4,63,17,80,0.7875,599,105,10221,1449,0.124164524,0.157984495
2020-10-03,4,0,67,17,84,0.797619048,734,84,10820,1554,0.125585906,0.154248076
2020-10-04,3,0,70,17,87,0.804597701,310,43,11554,1638,0.124166161,0.152231291
2020-10-05,2,2,72,19,91,0.791208791,284,36,11864,1681,0.124104836,0.156900296
2020-10-06,3,0,75,19,94,0.79787234,786,91,12148,1717,0.123837,0.154912137
2020-10-07,5,0,80,19,99,0.808080808,943,94,12934,1808,0.122642789,0.156419227
2020-10-08,2,1,82,20,102,0.803921569,1056,128,13877,1902,0.120539958,0.157080878
2020-10-09,5,3,87,23,110,0.790909091,1604,283,14933,2030,0.119672228,0.1598542
2020-10-10,5,0,92,23,115,0.8,908,146,16537,2313,0.12270557,0.154282116
2020-10-11,2,1,94,24,118,0.796610169,449,55,17445,2459,0.123543006,0.154844071
2020-10-12,6,0,100,24,124,0.806451613,464,67,17894,2514,0.123186985,0.154307676
2020-10-13,5,2,105,26,131,0.801526718,1242,168,18358,2581,0.123262811,0.158002373
2020-10-14,5,3,110,29,139,0.791366906,1639,290,19600,2749,0.123003266,0.158428797
2020-10-15,7,0,117,29,146,0.801369863,1855,220,21239,3039,0.125175056,0.154940347
2020-10-16,10,1,127,30,157,0.808917197,1771,197,23094,3259,0.123667135,0.155251868
2020-10-17,10,0,137,30,167,0.820359281,1392,175,24865,3456,0.122029589,0.151355832
2020-10-18,5,3,142,33,175,0.811428571,759,101,26257,3631,0.121486884,0.1529461
2020-10-19,8,4,150,37,187,0.802139037,609,96,27016,3732,0.121373748,0.15438346
2020-10-20,8,4,158,41,199,0.793969849,1890,312,27625,3828,0.121705402,0.154467817
2020-10-21,12,2,170,43,213,0.798122066,1513,215,29515,4140,0.123012925,0.151029477
2020-10-22,14,2,184,45,229,0.80349345,2328,253,31028,4355,0.123081706,0.148939892
2020-10-23,19,3,203,48,251,0.80876494,2594,296,33356,4608,0.121378148,0.151719695
2020-10-24,8,2,211,50,261,0.808429119,2637,405,35950,4904,0.120037206,0.1528186
2020-10-25,8,4,219,54,273,0.802197802,1110,202,38587,5309,0.120944961,0.153561859
2020-10-26,12,3,231,57,288,0.802083333,771,130,39697,5511,0.121903203,0.15367831
2020-10-27,12,4,243,61,304,0.799342105,2492,395,40468,5641,0.122340541,0.15388063
2020-10-28,26,4,269,65,334,0.805389222,2341,444,42960,6036,0.12319373,0.155421816
2020-10-29,14,2,283,67,350,0.808571429,2805,558,45301,6480,0.125142427,0.15294522
2020-10-30,16,2,299,69,368,0.8125,2280,293,48106,7038,0.127629479,0.150190264
2020-10-31,16,4,315,73,388,0.81185567,1961,321,50386,7331,0.127016304,0.149640988
2020-11-01,21,4,336,77,413,0.813559322,1693,190,52347,7652,0.127535459,0.149188565
2020-11-02,24,3,360,80,440,0.818181818,1499,228,54040,7842,0.126725057,0.148751047
2020-11-03,23,3,383,83,466,0.821888412,2791,425,55539,8070,0.126868839,0.149671079
2020-11-04,21,2,404,85,489,0.826175869,1665,297,58330,8495,0.127123083,0.148977609
2020-11-05,18,2,420,87,507,0.828402367,2046,308,59995,8792,0.127814849,0.146520764
2020-11-06,17,1,434,88,522,0.831417625,2177,402,62041,9100,0.127914986,0.144376547
2020-11-07,23,1,453,89,542,0.835793358,1584,244,64218,9502,0.128893109,0.144706774
2020-11-08,20,5,469,93,562,0.834519573,505,72,65802,9746,0.129004077,0.146075906
2020-11-09,26,4,489,97,586,0.83447099,878,173,66307,9818,0.128972085,0.146608501
2020-11-10,18,3,507,99,606,0.836633663,1727,331,67185,9991,0.129457344,0.147249311
2020-11-11,22,1,527,100,627,0.840510367,2250,341,68912,10322,0.130272358,0.148888618
2020-11-12,32,3,556,103,659,0.84370258,1708,316,71162,10663,0.130314696,0.15127307
2020-11-13,23,3,578,106,684,0.84502924,1515,256,72870,10979,0.130937757,0.150309951
2020-11-14,27,4,604,110,714,0.845938375,1023,177,74385,11235,0.131219341,0.150762115
2020-11-15,28,1,621,111,732,0.848360656,351,158,75408,11412,0.131444368,0.149376396
2020-11-16,16,0,637,111,748,0.851604278,1073,253,75759,11570,0.13248749,0.148976282
2020-11-17,29,4,665,115,780,0.852564103,1063,248,76832,11823,0.133359653,0.149106774
2020-11-18,16,0,679,115,794,0.855163728,1384,281,77895,12071,0.13417291,0.14946243
2020-11-19,28,4,706,119,825,0.855757576,1529,289,79279,12352,0.134801541,0.149475727
2020-11-20,28,4,733,123,856,0.856308411,1518,343,80808,12641,0.135271645,0.15052183
2020-11-21,22,3,753,126,879,0.85665529,794,190,82326,12984,0.136229147,0.150590416
2020-11-22,20,3,770,128,898,0.857461024,191,40,83120,13174,0.136810185,0.150411601
2020-11-23,17,3,786,131,917,0.857142857,869,152,83311,13214,0.136897177,0.151033568
2020-11-24,25,5,810,136,946,0.856236786,1440,371,84180,13366,0.137022533,0.152145248
2020-11-25,20,6,829,142,971,0.853759011,1546,407,85620,13737,0.138259005,0.152636393
2020-11-26,27,5,854,147,1001,0.853146853,1516,333,87166,14144,0.139611095,0.153476224
2020-11-27,25,8,878,154,1032,0.850775194,1206,321,88682,14477,0.140336762,0.154235034
2020-11-28,25,5,900,159,1059,0.849858357,949,151,89888,14798,0.141356055,0.154666206
2020-11-29,21,2,916,161,1077,0.850510678,149,47,90837,14949,0.141313595,0.155774046
2020-11-30,23,7,938,165,1103,0.850407978,1029,225,90986,14996,0.141495726,0.15681844
2020-12-01,15,4,948,170,1118,0.847862375,1679,364,92015,15221,0.141939274,0.158248454
2020-12-02,20,2,994,176,1170,0.849533525,1713,269,93694,15585,0.142616605,0.158677129
2020-12-03,29,4,1032,176,1208,0.854283411,1823,361,95407,15854,0.142493776,0.158345162
2020-12-04,24,7,1057,177,1234,0.856544297,1803,267,97230,16215,0.142932699,0.159045069
2020-12-05,28,5,1069,180,1249,0.855603036,959,310,99033,16482,0.142682768,0.159899135
2020-12-06,27,6,1089,185,1274,0.854975446,459,93,99992,16792,0.14378682,0.160118255
2020-12-07,22,5,1130,186,1316,0.858707411,1593,356,100451,16885,0.143902979,0.15956836
2020-12-08,30,1,1172,186,1358,0.863123482,2221,343,102044,17241,0.144536195,0.160184502
2020-12-09,36,3,1197,187,1384,0.865193983,2710,415,104265,17584,0.14430976,0.161363922
2020-12-10,30,6,1225,187,1412,0.867425842,1849,317,106975,17999,0.144021957,0.161785313
2020-12-11,25,6,1247,194,1441,0.865714667,3200,507,108824,18316,0.144061664,0.1632825
2020-12-12,32,5,1279,199,1478,0.865325451,1746,444,112024,18823,0.143855037,0.163306875
2020-12-13,37,3,1316,202,1518,0.866623057,435,70,113770,19267,0.144824372,0.163272515
2020-12-14,33,6,1378,207,1585,0.869404583,1714,320,114205,19337,0.144800887,0.163260324
2020-12-15,36,7,1439,220,1659,0.867250183,2987,578,115919,19657,0.144988789,0.164446901
2020-12-16,28,3,1514,229,1743,0.868552682,2624,421,118906,20235,0.145428019,0.164058875
2020-12-17,36,5,1575,244,1819,0.865620014,3387,604,121530,20656,0.1452745,0.165121758
2020-12-18,28,6,1652,245,1897,0.870913497,2708,443,124917,21260,0.145440117,0.16383116
2020-12-19,34,8,1696,253,1949,0.870117447,1797,264,127625,21703,0.14533778,0.165249899
2020-12-20,32,8,1758,257,2015,0.872549805,1046,173,129422,21967,0.145103013,0.164922367
2020-12-21,34,6,1758,257,2015,0.872427093,2297,366,130468,22140,0.145077584,0.165671374
2020-12-22,35,9,1831,275,2106,0.869303865,3060,627,132765,22506,0.144946577,0.166006119
2020-12-23,48,6,1876,285,2161,0.868121748,2153,504,135825,23133,0.145529008,0.165900643
2020-12-24,46,4,1876,285,2161,0.868148659,3557,489,137978,23637,0.146254989,0.165941239
2020-12-25,36,1,1876,285,2161,0.868387454,907,134,141535,24126,0.14563476,0.165657664
2020-12-26,46,7,1934,297,2231,0.866735933,739,135,142442,24260,0.145529148,0.16709169
2020-12-27,40,11,2059,318,2377,0.866427823,454,115,143181,24395,0.145575739,0.167124004
2020-12-28,44,10,2155,329,2484,0.867690095,1790,305,143635,24510,0.145767046,0.167097434
2020-12-29,38,8,2226,346,2572,0.865361606,2553,488,145425,24815,0.145764803,0.168054624
2020-12-30,35,7,2309,360,2669,0.864980077,5492,823,147978,25303,0.146022934,0.167951267
2020-12-31,124,1,2433,386,2819,0.86295742,4339,626,153470,26126,0.145470946,0.168536841
2021-01-01,0,0,2433,386,2819,0.860106492,1531,205,157809,26752,0.144949366,0.168976495
2021-01-02,63,26,2496,412,2908,0.858478952,1046,173,159340,26957,0.144699056,0.169023378
2021-01-03,185,38,2681,450,3131,0.856274434,549,87,160386,27130,0.144680987,0.16942884
2021-01-04,87,7,2768,457,3225,0.85833842,2558,431,160935,27217,0.144654322,0.168868798
2021-01-05,57,2,2825,459,3284,0.860187409,4269,690,163493,27648,0.144647145,0.169182908
2021-01-06,56,9,2881,468,3349,0.860187409,1895,242,167762,28338,0.144507904,0.170026889
2021-01-07,51,26,2932,494,3426,0.85568755,2555,425,169657,28580,0.144170866,0.170196189
2021-01-08,41,13,2973,507,3480,0.85421645,3514,558,172212,29005,0.14414786,0.170365658
2021-01-09,76,16,3049,523,3572,0.853639933,2351,622,175726,29563,0.144006742,0.170535296
2021-01-10,85,13,3134,536,3670,0.853911475,732,128,178077,30185,0.144937627,0.170705103
2021-01-11,82,18,3216,554,3770,0.853048927,2037,373,178809,30313,0.144953663,0.170875079
2021-01-12,61,8,3277,562,3839,0.853709507,3073,503,180846,30686,0.145065522,0.171045224
2021-01-13,76,31,3353,593,3946,0.849636354,2466,457,183919,31189,0.144992283,0.171215539
2021-01-14,84,34,3437,627,4064,0.845747886,2192,537,186385,31646,0.145144498,0.171386023
2021-01-15,41,18,3478,645,4123,0.843447534,1685,360,188577,32183,0.14578275,0.171556677
2021-01-16,65,17,3543,662,4205,0.842503308,887,173,190262,32543,0.146060456,0.1717275
2021-01-17,57,16,3600,678,4278,0.841510116,474,99,191149,32716,0.146141648,0.171898494
