,TotalCases,Tests,NewCases,Deaths,AgTests,AgPosit
2020-03-06,1,378,1,0,0,0
2020-03-07,3,66,2,0,0,0
2020-03-08,5,76,2,0,0,0
2020-03-09,7,69,2,0,0,0
2020-03-10,7,111,0,0,0,0
2020-03-11,10,97,3,0,0,0
2020-03-12,21,95,11,0,0,0
2020-03-13,32,58,11,0,0,0
2020-03-14,44,197,12,0,0,0
2020-03-15,61,289,17,0,0,0
2020-03-16,72,159,11,0,0,0
2020-03-17,96,318,24,0,0,0
2020-03-18,104,225,8,0,0,0
2020-03-19,123,301,19,0,0,0
2020-03-20,137,368,14,0,0,0
2020-03-21,178,440,41,0,0,0
2020-03-22,185,242,7,0,0,0
2020-03-23,204,451,19,0,0,0
2020-03-24,216,476,12,0,0,0
2020-03-25,226,335,10,0,0,0
2020-03-26,269,913,43,0,0,0
2020-03-27,292,747,23,0,0,0
2020-03-28,314,720,22,0,0,0
2020-03-29,336,401,22,0,0,0
2020-03-30,363,688,27,1,0,0
2020-03-31,400,877,37,1,0,0
2020-04-01,426,1191,26,1,0,0
2020-04-02,450,1454,24,1,0,0
2020-04-03,471,1889,21,1,0,0
2020-04-04,485,1524,14,1,0,0
2020-04-05,534,1036,49,2,0,0
2020-04-06,581,1448,47,2,0,0
2020-04-07,682,2042,101,2,0,0
2020-04-08,701,1690,19,2,0,0
2020-04-09,715,2301,14,2,0,0
2020-04-10,728,2174,13,2,0,0
2020-04-11,742,1580,14,2,0,0
2020-04-12,769,1324,27,2,0,0
2020-04-13,835,1302,66,2,0,0
2020-04-14,863,1439,28,6,0,0
2020-04-15,977,2967,114,8,0,0
2020-04-16,1049,3351,72,9,0,0
2020-04-17,1089,3144,40,11,0,0
2020-04-18,1161,3323,72,12,0,0
2020-04-19,1173,2458,12,13,0,0
2020-04-20,1199,2694,26,14,0,0
2020-04-21,1244,3468,45,14,0,0
2020-04-22,1325,4525,81,15,0,0
2020-04-23,1360,3840,35,17,0,0
2020-04-24,1373,4828,13,17,0,0
2020-04-25,1379,4839,6,18,0,0
2020-04-26,1381,3171,2,18,0,0
2020-04-27,1384,1767,3,20,0,0
2020-04-28,1391,5472,7,21,0,0
2020-04-29,1396,4584,5,23,0,0
2020-04-30,1403,5150,7,23,0,0
2020-05-01,1407,3698,4,24,0,0
2020-05-02,1408,1450,1,24,0,0
2020-05-03,1413,1584,5,25,0,0
2020-05-04,1421,2060,8,25,0,0
2020-05-05,1429,4742,8,25,0,0
2020-05-06,1445,5161,16,26,0,0
2020-05-07,1455,4694,10,26,0,0
2020-05-08,1455,3910,0,26,0,0
2020-05-09,1457,1488,2,26,0,0
2020-05-10,1457,786,0,26,0,0
2020-05-11,1465,2063,8,27,0,0
2020-05-12,1469,4326,4,27,0,0
2020-05-13,1477,4876,8,27,0,0
2020-05-14,1480,3992,3,27,0,0
2020-05-15,1493,4084,13,28,0,0
2020-05-16,1494,2476,1,28,0,0
2020-05-17,1495,971,1,28,0,0
2020-05-18,1495,2041,0,28,0,0
2020-05-19,1496,3371,1,28,0,0
2020-05-20,1502,2933,6,28,0,0
2020-05-21,1503,2751,1,28,0,0
2020-05-22,1504,2236,1,28,0,0
2020-05-23,1509,1649,5,28,0,0
2020-05-24,1511,645,2,28,0,0
2020-05-25,1513,1464,2,28,0,0
2020-05-26,1515,2839,2,28,0,0
2020-05-27,1520,2352,5,28,0,0
2020-05-28,1520,1848,0,28,0,0
2020-05-29,1521,3433,1,28,0,0
2020-05-30,1521,1606,0,28,0,0
2020-05-31,1522,274,1,28,0,0
2020-06-01,1522,6418,0,28,0,0
2020-06-02,1525,2336,3,28,0,0
2020-06-03,1526,2135,1,28,0,0
2020-06-04,1526,1832,0,28,0,0
2020-06-05,1528,2639,2,28,0,0
2020-06-06,1528,1180,0,28,0,0
2020-06-07,1530,160,2,28,0,0
2020-06-08,1531,851,1,28,0,0
2020-06-09,1533,1545,2,28,0,0
2020-06-10,1541,1500,8,28,0,0
2020-06-11,1542,1262,1,28,0,0
2020-06-12,1545,1511,3,28,0,0
2020-06-13,1548,479,3,28,0,0
2020-06-14,1552,47,4,28,0,0
2020-06-15,1552,847,0,28,0,0
2020-06-16,1561,1163,9,28,0,0
2020-06-17,1562,787,1,28,0,0
2020-06-18,1576,806,14,28,0,0
2020-06-19,1586,1278,10,28,0,0
2020-06-20,1587,301,1,28,0,0
2020-06-21,1588,41,1,28,0,0
2020-06-22,1589,661,1,28,0,0
2020-06-23,1607,1257,18,28,0,0
2020-06-24,1630,936,23,28,0,0
2020-06-25,1643,1515,13,28,0,0
2020-06-26,1657,1611,14,28,0,0
2020-06-27,1664,931,7,28,0,0
2020-06-28,1665,62,1,28,0,0
2020-06-29,1667,784,2,28,0,0
2020-06-30,1687,2063,20,28,0,0
2020-07-01,1700,1708,13,28,0,0
2020-07-02,1720,1801,20,28,0,0
2020-07-03,1749,2216,29,28,0,0
2020-07-04,1764,808,15,28,0,0
2020-07-05,1765,50,1,28,0,0
2020-07-06,1767,873,2,28,0,0
2020-07-07,1798,2225,31,28,0,0
2020-07-08,1851,2284,53,28,0,0
2020-07-09,1870,2172,19,28,0,0
2020-07-10,1893,2879,23,28,0,0
2020-07-11,1901,960,8,28,0,0
2020-07-12,1902,279,1,28,0,0
2020-07-13,1908,1163,6,28,0,0
2020-07-14,1927,2205,19,28,0,0
2020-07-15,1951,2336,24,28,0,0
2020-07-16,1965,1862,14,28,0,0
2020-07-17,1976,2161,11,28,0,0
2020-07-18,1979,410,3,28,0,0
2020-07-19,1980,24,1,28,0,0
2020-07-20,2021,3333,41,28,0,0
2020-07-21,2058,2571,37,28,0,0
2020-07-22,2089,2251,31,28,0,0
2020-07-23,2118,2049,29,28,0,0
2020-07-24,2141,2275,23,28,0,0
2020-07-25,2179,767,38,28,0,0
2020-07-26,2181,216,2,28,0,0
2020-07-27,2204,1548,23,28,0,0
2020-07-28,2245,2296,41,28,0,0
2020-07-29,2265,1851,20,28,0,0
2020-07-30,2292,2176,27,29,0,0
2020-07-31,2337,2884,45,29,0,0
2020-08-01,2344,585,7,29,0,0
2020-08-02,2354,766,10,29,0,0
2020-08-03,2368,1320,14,29,0,0
2020-08-04,2417,2538,49,29,0,0
2020-08-05,2480,2667,63,29,0,0
2020-08-06,2523,2473,43,31,0,0
2020-08-07,2566,3099,43,31,0,0
2020-08-08,2596,1068,30,31,0,0
2020-08-09,2599,564,3,31,0,0
2020-08-10,2615,1454,16,31,0,0
2020-08-11,2690,3131,75,31,0,0
2020-08-12,2739,2741,49,31,0,0
2020-08-13,2801,2738,62,31,0,0
2020-08-14,2855,3235,54,31,0,0
2020-08-15,2902,2013,47,31,0,0
2020-08-16,2907,481,5,31,0,0
2020-08-17,2922,1583,15,31,0,0
2020-08-18,3022,3684,100,33,0,0
2020-08-19,3102,3435,80,33,0,0
2020-08-20,3225,3245,123,33,0,0
2020-08-21,3316,3833,91,33,0,0
2020-08-22,3356,1723,40,33,0,0
2020-08-23,3424,929,68,33,0,0
2020-08-24,3452,2103,28,33,0,0
2020-08-25,3536,4090,84,33,0,0
2020-08-26,3626,3636,90,33,0,0
2020-08-27,3728,4360,102,33,0,0
2020-08-28,3842,4453,114,33,0,0
2020-08-29,3876,1951,34,33,0,0
2020-08-30,3917,588,41,33,0,0
2020-08-31,3989,2763,72,33,0,0
2020-09-01,4042,2428,53,33,0,0
2020-09-02,4163,3519,121,37,0,0
2020-09-03,4300,4772,137,37,0,0
2020-09-04,4526,5947,226,37,0,0
2020-09-05,4614,2462,88,37,0,0
2020-09-06,4636,922,22,37,0,0
2020-09-07,4727,2891,91,37,0,0
2020-09-08,4888,5309,161,37,0,0
2020-09-09,5066,5021,178,37,0,0
2020-09-10,5252,4266,186,37,0,0
2020-09-11,5453,6191,201,38,0,0
2020-09-12,5532,3080,79,38,0,0
2020-09-13,5580,1425,48,38,0,0
2020-09-14,5768,4323,188,38,0,0
2020-09-15,5860,3235,92,38,0,0
2020-09-16,6021,4027,161,39,0,0
2020-09-17,6256,5542,235,39,0,0
2020-09-18,6546,5750,290,39,0,0
2020-09-19,6677,3443,131,39,0,0
2020-09-20,6756,1952,79,39,0,0
2020-09-21,6931,2664,175,40,0,0
2020-09-22,7269,6231,338,41,0,0
2020-09-23,7629,5213,360,41,0,0
2020-09-24,8048,5540,419,41,0,0
2020-09-25,8600,6483,552,44,0,0
2020-09-26,9078,5655,478,44,0,0
2020-09-27,9343,1954,265,44,0,0
2020-09-28,9574,2561,231,45,0,0
2020-09-29,10141,7350,567,48,0,0
2020-09-30,10938,9170,797,48,0,0
2020-10-01,11617,7824,679,54,0,0
2020-10-02,12321,9492,704,54,0,0
2020-10-03,13139,8565,818,55,0,0
2020-10-04,13492,3382,353,55,0,0
2020-10-05,13812,3750,320,55,0,0
2020-10-06,14689,8679,877,55,0,0
2020-10-07,15726,9518,1037,57,0,0
2020-10-08,16910,10136,1184,57,0,0
2020-10-09,18797,11123,1887,61,0,0
2020-10-10,19851,8959,1054,61,0,0
2020-10-11,20355,3998,504,61,0,0
2020-10-12,20886,5058,531,61,525,40
2020-10-13,22296,10228,1410,66,1152,84
2020-10-14,24225,12502,1929,71,929,31
2020-10-15,26300,14010,2075,71,372,36
2020-10-16,28268,11904,1968,82,320,27
2020-10-17,29835,10858,1567,88,0,0
2020-10-18,30695,5025,860,92,92,0
2020-10-19,31400,5946,705,98,792,69
2020-10-20,33602,13832,2202,98,614,38
2020-10-21,35330,9365,1728,115,954,48
2020-10-22,37911,13369,2581,134,2138,141
2020-10-23,40801,13525,2890,159,2161,119
2020-10-24,43843,16048,3042,159,1194,65
2020-10-25,45155,6175,1312,165,729,40
2020-10-26,46056,5899,901,176,2161,231
2020-10-27,48943,14642,2887,184,3036,234
2020-10-28,51728,14355,2785,200,2415,225
2020-10-29,55091,16556,3363,212,6185,239
2020-10-30,57664,18074,2573,219,41132,471
2020-10-31,59946,21949,2282,219,89610,975
2020-11-01,61829,21477,1883,219,30176,376
2020-11-02,63556,18994,1727,235,26701,1331
2020-11-03,66772,13377,3216,261,5135,91
2020-11-04,68734,12864,1962,286,3501,79
2020-11-05,71088,11615,2354,317,2095,138
2020-11-06,73667,15767,2579,351,34523,327
2020-11-07,75495,15466,1828,351,45188,439
2020-11-08,76072,4956,577,366,12172,143
2020-11-09,77123,6813,1051,390,17501,1147
2020-11-10,79181,12891,2058,414,6492,140
2020-11-11,81772,12584,2591,464,4620,101
2020-11-12,83796,10736,2024,491,5636,173
2020-11-13,85567,10742,1771,510,6145,158
2020-11-14,86767,6545,1200,510,5452,99
2020-11-15,87276,1771,509,526,1245,33
2020-11-16,88602,7837,1326,557,5229,273
2020-11-17,89913,5833,1311,579,3859,218
2020-11-18,91578,7913,1665,579,6086,419
2020-11-19,93396,9836,1818,614,11611,746
2020-11-20,95257,10554,1861,644,17378,596
2020-11-21,96241,5691,984,671,9215,317
2020-11-22,96472,1773,231,693,1701,57
2020-11-23,97493,6545,1021,709,35184,800
2020-11-24,99304,10145,1811,732,17198,854
2020-11-25,101257,10723,1953,749,12549,662
2020-11-26,103106,10928,1849,771,13242,779
2020-11-27,104633,9892,1527,798,13814,666
2020-11-28,105733,7536,1100,816,8811,399
2020-11-29,105929,1063,196,839,2517,174
2020-11-30,107183,7991,1254,868,43747,1739
2020-12-01,109226,11136,2043,898,30946,1671
2020-12-02,111208,10264,1982,930,31850,1674
2020-12-03,113392,11221,2184,957,28546,1325
2020-12-04,115462,12670,2070,981,29139,1251
2020-12-05,116731,7195,1269,996,11724,417
2020-12-06,117283,3415,552,1018,3222,125
2020-12-07,119232,10245,1949,1046,30127,2076
2020-12-08,121796,13277,2564,1084,42865,3059
2020-12-09,124921,15130,3125,1104,34365,2298
2020-12-10,127087,10938,2166,1122,45487,3151
2020-12-11,130794,17956,3707,1148,47289,2830
2020-12-12,132984,9991,2190,1175,16932,1003
2020-12-13,133489,2899,505,1205,1095,95
2020-12-14,135523,10901,2034,1251,41990,3423
2020-12-15,139088,16717,3565,1309,55180,4288
2020-12-16,142133,14921,3045,1378,59035,3733
2020-12-17,146124,18022,3991,1440,58715,3932
2020-12-18,149275,16197,3151,1510,63000,3654
2020-12-19,151336,9821,2061,1555,17426,1034
2020-12-20,152555,6291,1219,1618,14953,486
2020-12-21,155218,13289,2663,1618,82669,7305
2020-12-22,158905,18144,3687,1686,82504,5769
2020-12-23,161562,14238,2657,1732,93590,4946
2020-12-24,165608,18443,4046,1732,17200,1036
2020-12-25,166649,4249,1041,1732,1863,145
2020-12-26,167523,3550,874,1773,2282,208
2020-12-27,168092,2540,569,1879,3154,290
2020-12-28,170187,9330,2095,1983,65431,6877
2020-12-29,173228,11414,3041,2065,72179,6968
2020-12-30,179543,21978,6315,2138,71799,5667
2020-12-31,184508,16479,4965,2250,77713,5657
2021-01-01,186244,4954,1736,2250,9509,612
2021-01-02,187463,4288,1219,2317,5933,517
2021-01-03,188099,3111,636,2521,3268,263
2021-01-04,191088,12396,2989,2603,74575,7598
2021-01-05,196047,17822,4959,2657,76839,6358
2021-01-06,198184,8257,2137,2717,15362,1050
2021-01-07,201164,10657,2980,2788,77579,5532
2021-01-08,205236,16368,4072,2836,78814,4058
2021-01-09,208209,12844,2973,2918,61386,1928
2021-01-10,209069,4328,860,3007,28009,926
2021-01-11,211479,12119,2410,3102,75216,3452
2021-01-12,215055,15440,3576,3163,63961,3146
2021-01-13,217978,12342,2923,3260,56361,2656
2021-01-14,220707,11875,2729,3362,50464,2299
2021-01-15,222752,11392,2045,3417,63917,2186
2021-01-16,223325,2850,573,3474,48964,1135
2021-01-17,224385,6252,1060,3526,41306,1628
2021-01-18,226294,9817,1909,3637,71150,3300
2021-01-19,228778,12124,2484,3737,93114,2812
2021-01-20,231242,12668,2464,3801,109648,2347
2021-01-21,233027,11018,1785,3894,216156,3100
2021-01-22,234571,20264,1544,3965,239826,2790
2021-01-23,236476,16498,1905,4068,762456,6417
2021-01-24,237027,3806,551,4068,439336,3945
2021-01-25,238617,10950,1590,4260,224301,2707
2021-01-26,241392,14015,2775,4361,180524,2642
2021-01-27,243427,9811,2035,4411,83001,1759
2021-01-28,246008,11293,2581,4495,72428,2084
2021-01-29,248190,11207,2182,4565,153111,2665
2021-01-30,249913,8201,1723,4642,451849,4472
2021-01-31,250357,2290,444,4711,268613,2889
2021-02-01,252094,9504,1737,4784,195995,3471
2021-02-02,254826,12313,2732,4889,130923,3001
2021-02-03,256903,11223,2077,4976,101862,3378
2021-02-04,259533,11282,2630,5050,103905,2959
2021-02-05,261774,13677,2241,5135,226837,3186
2021-02-06,263326,8282,1552,5199,657739,5487
2021-02-07,264083,3784,757,5271,382342,3294
2021-02-08,265807,9410,1724,5382,291244,3661
2021-02-09,268986,13980,3179,5502,179404,3068
2021-02-10,271473,10932,2487,5629,132430,2967
2021-02-11,273904,10402,2431,5733,135448,2487
2021-02-12,276234,13991,2330,5812,291612,3315
2021-02-13,277682,7597,1448,5885,670176,4785
2021-02-14,278254,2775,572,5952,342310,2912
2021-02-15,279696,8237,1442,6063,232031,3251
2021-02-16,282864,13050,3168,6168,159061,2752
2021-02-17,285419,10848,2555,6271,127010,2788
2021-02-18,287752,10283,2333,6350,150439,2823
2021-02-19,290457,14300,2705,6424,306784,3538
2021-02-20,292143,8277,1686,6505,721442,5255
2021-02-21,292792,3059,649,6577,310395,2846
2021-02-22,294790,9869,1998,6671,221970,3450
2021-02-23,298337,15160,3547,6775,159903,2873
2021-02-24,300775,10958,2438,6859,138435,3025
2021-02-25,303420,12065,2645,6966,157108,2597
2021-02-26,306268,15731,2848,7075,319970,3334
2021-02-27,308083,8839,1815,7189,745871,5108
2021-02-28,308925,3565,842,7270,331368,2617
2021-03-01,311002,10854,2077,7388,228066,3170
2021-03-02,314359,15111,3357,7489,187876,2756
2021-03-03,317159,12624,2800,7560,167925,2474
2021-03-04,319582,11749,2423,7665,179992,2349
2021-03-05,322104,15721,2522,7739,337206,2831
2021-03-06,323390,7611,1286,7836,761386,3888
2021-03-07,323786,2747,396,7921,342922,2261
2021-03-08,325993,11222,2207,8037,233995,2572
2021-03-09,329593,16361,3600,8146,181892,2031
2021-03-10,331571,10643,1978,8244,158308,1939
2021-03-11,333872,11176,2301,8346,175810,1830
2021-03-12,336235,14496,2363,8440,343449,2343
2021-03-13,337503,7149,1268,8528,762705,3361
2021-03-14,337960,2780,457,8605,349893,1849
2021-03-15,339538,9820,1578,8669,218839,2187
2021-03-16,342430,14601,2892,8738,174488,1814
2021-03-17,344470,11088,2040,8814,153864,1507
2021-03-18,346149,9672,1679,8894,173809,1575
2021-03-19,347944,13293,1795,8978,332973,1946
2021-03-20,348869,5896,925,9044,702566,3088
2021-03-21,349270,3861,401,9104,335228,2053